Black player: Deep MCTS Agent with compute budget 2000
163.9339
295.3869
250.7215
200.3740
231.8295
213.7969
198.9528
168.0592
164.2151
163.1838
172.2295
186.4980
152.4827
148.0108
158.2303
148.9172
161.1055
176.3254
163.7932
175.6535
190.9515
165.6528
173.8096
108.5548
102.6950
105.4765
115.1647
127.1343
155.6520
98.5385
108.1329
50.0193
52.6445
24.8924
7.2662
1.5314
average: 146.7171s per action
         73.3586ms per playout

White player: Deep MCTS Agent with compute budget 1000
89.8816
145.8076
117.2742
125.2904
106.0546
113.0395
96.1164
83.3811
83.1936
65.7704
79.0527
79.9434
99.0072
69.1457
75.4274
78.9902
66.5153
86.1313
85.7875
80.4746
95.8351
70.1770
93.6631
57.1292
65.7236
52.8945
56.3791
59.1293
61.3014
79.9434
49.9255
31.9242
37.4871
16.9700
9.6726
3.7659
0.7344
average: 72.1335s per action
         72.1335ms per playout
